Multiple size <= 100
TEST 2 ARG:13 78 3 11 66 57 29 99 15 68 65 89 90 97 93 53 91 43 60 4 50 46 40 27 35 24 88 41 73 76 62 95 80 61 12 92 2 82 81 38 5 20 55 69 51 23 36 44 85 26 94 79 19 42 63 52 18 77 98 84 28 86 49 59 64 16 87 58 71 74 70 33 14 22 45 32 75 56 1 21 0 6 47 34 9 96 31 25 48 83 39 10 54 7 72 17 37 30 8 67
TEST 3 ARG:8 22 91 49 16 18 78 34 72 56 88 51 82 46 13 5 73 40 27 58 66 90 29 3 55 89 20 43 74 69 98 23 11 42 81 63 47 24 93 15 68 52 1 26 17 44 96 36 28 38 77 41 4 83 94 97 53 48 75 21 39 45 85 99 61 12 31 95 2 64 10 32 30 33 9 62 80 71 14 25 65 57 50 70 35 6 7 0 87 59 67 54 19 79 86 92 60 37 76 84
TEST 4 ARG:65 97 60 81 8 27 26 38 29 9 89 73 44 41 1 32 61 16 93 46 79 36 74 82 55 66 80 35 40 86 0 83 75 68 15 18 30 43 96 51 54 64 67 31 21 12 17 25 11 76 91 34 58 69 42 94 88 7 19 59 2 95 71 99 47 39 72 22 4 62 13 28 37 78 3 14 24 87 5 10 63 48 84 53 20 50 33 92 90 77 98 23 49 6 56 70 57 85 45 52
TEST 7 ARG:19 95 13 8 49 94 89 87 9 25 11 23 20 57 59 39 33 98 21 67 6 55 81 65 72 42 69 60 53 79 58 71 5 37 80 31 4 91 2 88 50 54 12 62 29 26 47 40 3 75 45 48 99 73 15 28 97 32 90 17 64 10 56 24 68 86 74 38 96 0 22 36 70 16 1 7 35 51 43 85 63 14 44 52 92 18 46 34 27 82 83 77 61 66 78 84 76 41 93 30
TEST 8 ARG:72 43 93 74 85 71 92 60 61 16 88 53 11 31 86 55 20 24 66 82 21 58 45 25 19 56 29 79 50 51 22 47 87 96 30 63 67 52 7 75 98 10 81 94 44 73 69 28 41 95 5 23 46 34 38 99 27 12 4 3 32 36 90 84 18 33 9 80 91 39 26 76 83 6 97 89 57 40 8 54 77 68 35 65 13 42 14 78 2 64 48 70 62 49 17 0 37 59 1 15
TEST 11 ARG:31 37 93 81 83 68 54 86 98 14 65 9 85 22 73 41 92 48 36 0 96 50 24 38 51 33 19 1 82 8 67 20 6 87 5 57 28 94 21 35 88 77 29 13 34 64 70 18 72 59 66 69 91 23 17 76 49 90 71 42 43 63 45 26 56 11 84 62 25 79 12 40 97 53 3 61 15 78 32 52 4 30 10 55 27 89 39 16 60 58 95 2 44 7 99 80 46 74 47 75
TEST 12 ARG:84 56 75 17 46 48 7 12 99 69 11 52 92 30 77 20 0 97 31 95 90 45 38 82 23 94 16 86 98 1 21 9 39 62 34 55 61 67 64 79 49 4 8 59 57 83 91 58 41 89 81 88 6 93 14 60 73 29 5 76 3 10 2 70 43 28 96 37 80 27 35 19 53 71 26 18 13 68 72 36 33 22 25 32 51 44 15 42 54 65 63 66 24 47 40 78 85 74 87 50
TEST 13 ARG:13 70 46 76 77 75 52 67 47 66 31 72 42 74 8 48 24 25 88 96 32 95 91 6 15 53 54 64 39 27 14 5 51 38 68 59 90 99 63 73 86 60 87 17 94 57 35 62 1 89 58 11 49 30 55 37 92 43 10 71 4 33 36 23 16 83 29 61 84 80 81 85 34 97 2 21 18 93 79 19 50 45 22 69 9 98 0 7 26 56 65 20 28 40 3 78 41 12 44 82
TEST 14 ARG:81 74 0 51 68 32 84 20 96 59 86 53 26 9 41 67 47 75 23 25 1 93 71 19 54 79 22 38 70 30 7 91 88 43 80 42 64 78 92 83 44 14 36 29 56 27 31 58 66 52 5 50 3 28 2 90 87 39 13 40 18 77 49 35 82 11 62 99 37 97 17 76 65 48 10 69 8 15 94 34 16 55 89 24 73 95 6 45 98 21 33 46 85 60 4 72 61 57 63 12
TEST 16 ARG:4 84 36 69 49 86 65 48 42 89 96 95 8 46 73 82 11 14 5 28 29 41 97 6 92 63 31 44 55 15 76 51 35 13 16 58 12 81 50 9 27 66 93 60 26 19 99 17 40 62 56 24 39 85 32 57 34 0 88 77 87 72 59 47 21 83 37 20 1 3 23 78 75 43 70 68 33 2 52 94 64 61 18 45 54 98 91 79 80 53 7 38 22 67 25 30 10 74 71 90
TEST 17 ARG:84 16 4 46 62 86 36 37 59 92 55 56 65 60 8 15 85 17 76 74 66 91 70 45 48 57 30 50 23 13 1 78 51 34 19 22 32 88 64 2 67 68 94 3 35 41 61 82 38 98 6 97 18 80 40 81 72 44 27 69 5 53 83 77 63 54 33 12 43 21 75 31 42 7 25 0 20 14 71 49 87 10 58 28 73 24 90 96 52 47 89 29 39 9 79 95 99 11 26 93
TEST 18 ARG:54 14 3 46 50 70 56 69 60 96 41 48 43 57 64 4 84 49 85 87 16 94 99 36 6 15 68 5 74 61 73 24 29 91 10 12 66 79 89 97 32 58 40 30 27 83 95 80 34 45 7 2 22 9 20 78 33 44 51 77 52 25 18 81 82 8 72 21 0 71 47 31 37 67 42 90 28 86 35 75 93 65 38 76 55 26 39 92 11 1 98 13 53 63 62 17 88 59 19 23
TEST 19 ARG:49 63 40 42 25 98 60 91 18 69 3 72 59 86 17 73 81 26 43 10 90 31 70 92 0 71 35 79 36 6 13 21 45 39 32 4 75 99 76 56 5 22 28 78 15 37 53 33 88 47 30 62 58 51 29 12 9 46 83 41 94 87 23 97 68 82 8 80 1 11 50 89 48 66 95 20 55 34 52 27 14 74 19 77 16 44 61 96 65 67 54 64 84 2 57 85 38 7 24 93
TEST 21 ARG:22 79 96 62 73 51 82 27 60 72 40 83 68 56 90 8 44 7 89 95 18 0 66 33 50 2 11 86 48 92 28 39 15 77 9 94 26 41 74 55 69 97 34 37 6 21 58 20 14 98 52 10 36 1 70 46 87 75 3 16 80 53 24 32 61 76 84 91 42 13 45 54 71 59 47 31 25 78 64 88 29 43 30 93 49 17 4 63 19 5 35 99 38 67 81 57 85 65 12 23
TEST 24 ARG:44 62 7 38 98 95 18 52 11 22 79 68 37 72 83 84 58 92 59 26 3 17 23 73 12 89 65 50 90 0 99 40 87 27 36 2 49 61 41 69 33 48 88 74 20 10 64 86 4 57 91 25 46 85 63 6 81 32 70 47 53 66 28 76 93 19 31 8 35 13 82 55 51 78 39 97 1 43 42 96 24 21 45 9 34 77 67 16 80 54 29 56 75 94 5 60 15 71 14 30
TEST 26 ARG:56 17 22 62 2 97 84 90 38 10 4 29 7 91 27 43 34 95 96 47 59 75 50 14 57 9 39 88 65 52 51 89 55 40 63 35 1 18 49 69 25 20 94 79 6 86 28 72 19 53 31 12 82 15 60 0 42 71 73 85 48 36 70 11 66 83 41 74 5 45 93 61 77 3 99 46 98 24 78 44 80 81 30 87 64 92 26 33 76 37 68 16 32 23 67 54 13 58 8 21
TEST 27 ARG:71 14 88 38 61 24 93 32 36 37 25 29 84 80 30 75 13 27 72 2 39 60 98 53 21 67 51 17 65 12 56 4 83 73 40 34 6 64 70 7 50 90 78 91 49 35 45 46 77 85 79 20 66 62 99 43 19 22 44 96 15 76 97 69 95 63 26 68 5 18 54 52 57 8 81 23 31 42 92 74 89 86 41 55 10 1 58 59 16 9 94 48 33 28 3 0 11 87 47 82
TEST 28 ARG:59 95 70 69 46 8 78 36 99 93 35 25 18 1 3 50 32 23 24 68 22 60 74 41 77 86 5 66 14 30 33 12 39 44 51 85 64 11 80 73 57 52 17 89 91 38 67 55 28 10 97 58 88 43 49 98 31 29 83 40 27 84 2 56 53 16 82 94 63 62 37 48 90 13 7 79 75 76 65 21 20 71 92 61 42 72 47 96 45 19 9 26 4 87 81 6 54 15 0 34
TEST 30 ARG:43 6 12 19 28 18 81 68 96 75 56 21 50 16 1 49 30 48 47 52 51 41 79 76 57 32 53 22 5 67 31 42 62 23 74 46 13 15 95 94 17 66 82 87 70 7 80 14 54 73 58 29 24 78 10 36 93 91 86 83 39 26 3 90 63 99 11 71 89 27 44 37 9 38 33 64 97 98 69 61 45 55 35 8 25 0 72 65 40 4 20 77 60 84 59 34 2 88 85 92
TEST 31 ARG:13 56 45 21 4 41 49 95 84 3 93 85 31 8 36 47 22 82 52 72 89 57 65 55 51 42 37 35 71 97 62 14 10 59 38 88 11 12 54 27 96 67 28 58 63 80 2 78 29 5 53 34 86 44 26 66 32 9 61 23 92 68 33 60 70 87 25 83 7 39 74 17 69 24 94 43 73 99 79 76 81 75 19 48 20 16 1 0 6 18 30 46 64 98 50 40 15 91 90 77
TEST 32 ARG:83 22 96 71 58 95 76 72 56 19 21 35 94 34 41 82 28 98 17 57 68 49 80 64 6 59 31 4 36 84 23 69 10 89 78 62 45 5 9 92 99 24 14 38 30 86 90 87 18 70 66 81 16 11 63 20 32 43 46 25 73 47 93 37 15 75 97 61 60 67 53 52 12 91 27 8 0 7 65 79 50 77 3 55 2 29 74 40 48 88 1 26 54 39 51 13 85 44 33 42
TEST 33 ARG:82 42 14 77 71 16 39 86 34 4 33 63 15 40 9 87 20 67 43 11 46 37 27 58 65 38 44 90 92 6 94 1 56 36 53 88 23 66 81 76 21 98 72 54 13 78 5 83 19 95 62 80 0 93 25 31 59 55 32 49 30 73 28 50 2 64 35 79 85 70 18 45 29 8 7 69 74 24 3 91 51 75 12 60 52 96 22 84 89 57 48 61 26 41 17 68 99 47 97 10
TEST 35 ARG:4 46 93 78 57 17 23 11 74 79 66 33 14 22 69 88 32 10 44 84 51 89 87 72 56 19 13 9 63 27 37 54 60 76 3 8 80 62 49 35 31 5 29 30 68 58 98 96 45 90 43 65 15 92 61 26 24 20 97 71 75 25 39 12 94 16 55 82 48 1 81 64 83 40 86 41 85 42 36 99 53 2 73 7 38 91 52 21 18 77 70 50 6 47 28 34 95 0 59 67
TEST 36 ARG:11 22 17 15 58 19 29 97 65 43 6 81 8 95 72 41 3 0 27 24 13 10 78 33 45 51 92 49 74 70 7 44 76 57 60 12 4 68 31 89 91 85 79 53 1 99 23 32 25 55 38 30 14 5 35 42 2 94 39 52 16 26 9 93 86 64 71 96 62 69 84 90 82 88 73 34 36 18 48 61 56 67 28 46 80 66 40 98 83 50 87 75 47 20 21 77 59 37 63 54
TEST 37 ARG:38 35 8 85 2 88 67 82 17 63 55 68 65 27 36 1 15 58 89 5 37 9 73 60 40 49 46 18 94 21 56 41 69 50 7 30 52 54 90 70 12 51 87 44 81 14 72 92 53 83 74 57 25 31 99 62 80 98 34 95 75 32 16 59 20 22 19 24 23 39 43 71 45 6 76 33 77 3 84 64 93 13 42 0 10 11 47 26 29 86 79 66 97 48 61 28 4 78 96 91
TEST 38 ARG:1 24 37 75 96 83 68 72 14 81 79 22 77 70 55 6 99 36 44 74 0 54 34 17 51 4 7 90 9 23 53 40 32 30 61 59 91 31 47 67 97 85 41 76 49 50 48 25 12 18 39 8 13 60 84 87 82 29 98 93 69 71 11 42 33 15 26 62 63 73 58 5 28 52 56 10 95 89 43 16 2 45 86 92 78 66 38 3 88 65 57 20 27 80 21 19 94 35 46 64
TEST 39 ARG:22 64 50 1 73 7 79 33 91 59 52 46 41 57 36 67 0 47 66 38 86 95 2 81 85 43 89 71 90 35 29 28 53 9 97 32 61 75 70 26 27 31 23 17 88 94 69 49 3 14 5 11 78 6 4 60 62 68 12 55 56 25 96 54 21 40 39 98 87 34 8 93 16 65 44 48 37 58 84 13 20 18 74 30 63 77 83 99 19 92 72 45 10 76 42 51 82 15 80 24
TEST 40 ARG:17 26 83 16 94 35 31 84 72 73 10 61 51 64 54 8 70 67 18 85 53 55 19 0 22 49 98 68 45 2 9 69 3 25 5 12 56 44 77 87 48 29 43 37 63 96 21 99 6 20 13 86 32 11 81 91 88 74 41 40 36 59 28 46 89 90 79 15 33 95 76 75 65 4 42 97 58 80 57 34 66 52 24 47 38 60 82 78 23 30 39 71 50 7 93 27 14 92 62 1
TEST 42 ARG:57 78 44 59 15 39 29 13 67 70 40 73 85 24 8 86 72 52 63 87 14 18 25 33 4 46 98 56 31 6 35 3 9 93 84 17 95 23 45 94 1 7 79 75 83 91 5 61 30 65 26 68 50 21 54 22 43 0 19 42 97 58 28 37 51 48 38 77 2 81 55 99 34 60 92 16 49 69 89 74 80 12 88 20 11 27 96 76 47 82 90 41 36 62 71 64 66 10 53 32
TEST 43 ARG:42 61 71 96 50 32 5 4 16 80 23 67 35 48 72 93 20 21 90 98 22 6 51 95 30 57 59 38 89 87 65 29 60 11 36 75 88 54 25 13 92 17 1 97 82 52 3 44 99 81 33 64 9 70 15 91 41 37 86 31 94 2 8 27 74 14 63 45 79 76 84 34 12 46 26 19 58 0 85 28 43 40 66 18 68 83 55 62 77 39 69 7 49 53 73 56 78 47 24 10
TEST 44 ARG:46 54 67 86 28 69 9 58 6 53 57 29 72 83 10 30 43 82 98 14 81 96 66 5 41 26 45 84 71 51 95 19 77 97 70 79 68 48 20 85 50 17 63 18 92 37 55 90 61 59 89 76 40 33 64 2 4 16 80 3 31 73 62 99 23 78 47 44 74 1 27 65 22 35 12 93 88 87 91 94 7 0 42 75 15 13 39 25 38 21 8 36 60 52 49 32 11 24 34 56
TEST 45 ARG:67 87 37 58 66 77 6 60 36 14 23 34 2 45 47 33 10 41 5 22 40 35 46 55 70 50 91 24 68 71 3 63 84 42 44 28 95 48 69 1 18 17 56 20 75 8 38 78 26 99 4 64 29 0 16 53 81 51 85 72 7 31 11 15 90 88 9 76 32 97 13 61 25 49 93 86 52 19 39 89 27 54 12 65 62 21 74 96 79 57 43 94 83 80 59 92 30 82 98 73
TEST 46 ARG:96 62 3 80 4 85 7 64 50 94 19 0 21 34 12 93 89 54 5 78 63 6 20 59 48 56 86 92 90 99 2 58 79 72 27 51 98 38 77 25 14 9 87 22 41 88 55 49 57 60 73 15 74 97 39 31 68 84 66 43 10 11 13 44 95 16 69 61 24 32 35 33 81 30 45 70 29 26 75 1 67 8 42 52 47 76 53 23 83 40 18 46 36 91 17 65 28 71 82 37
TEST 47 ARG:35 94 27 21 75 68 92 8 61 17 49 53 5 52 54 20 30 2 10 6 84 38 37 48 81 9 13 41 85 77 7 23 19 44 96 79 0 86 11 16 22 50 73 34 71 69 43 63 58 55 93 25 33 26 95 78 82 42 62 70 45 24 59 40 65 46 12 74 47 18 28 64 57 1 91 31 29 4 99 83 76 67 66 56 15 90 3 88 89 60 14 39 51 32 72 97 98 36 87 80
TEST 48 ARG:47 9 53 35 34 77 97 61 65 40 5 73 24 99 72 67 95 82 89 7 30 94 6 19 38 3 48 69 21 50 90 0 81 59 68 22 25 84 18 37 12 23 58 31 64 96 2 74 62 57 79 43 44 86 14 87 17 71 85 56 66 76 88 1 20 91 70 51 55 63 16 98 8 13 78 27 42 75 93 29 28 10 11 32 46 49 39 60 54 83 4 33 80 26 45 52 92 41 15 36
TEST 49 ARG:86 45 22 35 38 47 27 1 58 36 17 62 80 76 40 49 71 74 92 66 32 42 31 75 26 68 90 98 3 13 59 11 21 57 14 87 96 15 60 20 83 70 65 84 19 64 61 73 93 44 8 9 81 52 69 67 33 56 99 23 79 0 39 77 94 41 4 63 85 54 89 16 51 37 72 6 91 95 24 78 2 7 25 5 34 30 12 55 82 53 28 88 48 97 50 10 29 43 18 46
TEST 50 ARG:1 73 23 92 54 43 15 21 25 93 80 55 40 12 14 82 91 86 34 85 18 26 31 58 56 77 44 87 38 8 36 52 50 3 98 63 6 57 22 53 60 88 28 90 72 71 37 20 29 10 17 79 62 97 67 13 9 94 74 59 99 5 7 81 68 47 46 0 32 2 49 69 24 48 65 66 64 33 78 4 35 95 27 84 30 41 61 42 51 76 70 45 39 11 75 83 96 89 19 16
TEST 51 ARG:36 30 8 95 14 38 35 6 23 68 21 96 63 31 81 88 85 59 44 20 61 18 37 24 69 42 76 90 87 55 80 19 94 4 72 67 54 91 13 75 26 33 2 99 71 74 34 7 50 57 48 77 3 66 79 27 53 16 83 73 0 97 12 62 5 93 49 58 28 60 46 45 40 22 65 64 15 92 43 86 39 70 84 17 11 25 98 32 82 47 1 9 41 56 51 29 10 78 89 52
TEST 52 ARG:61 4 29 37 95 35 68 5 23 97 99 91 45 79 49 89 74 15 18 81 9 60 47 78 77 82 93 69 52 43 17 32 58 22 62 39 38 96 86 28 56 66 36 84 54 46 76 12 88 25 7 34 8 13 94 48 85 73 75 70 92 31 20 59 10 41 50 80 44 14 26 24 72 65 42 33 1 0 40 11 21 67 87 19 53 2 63 6 3 55 16 71 90 57 27 64 51 30 98 83
TEST 53 ARG:52 21 12 24 60 93 19 56 11 77 23 9 82 49 30 91 89 45 16 53 43 64 28 29 15 4 74 48 58 94 39 26 2 42 38 66 18 54 63 41 14 57 84 0 87 92 22 37 97 72 71 6 10 17 47 32 69 34 78 61 98 36 86 27 85 70 40 44 76 81 7 67 50 68 8 5 95 13 96 51 88 79 73 35 33 20 25 55 80 31 59 3 90 99 62 75 1 83 65 46
TEST 55 ARG:89 29 25 69 51 60 62 14 65 95 64 28 82 42 77 3 87 86 39 84 63 8 55 15 30 11 85 0 94 20 2 36 41 40 54 9 22 58 72 81 46 97 17 99 75 92 35 6 18 93 71 10 34 48 79 53 44 23 80 70 76 59 78 45 21 50 7 27 74 83 90 88 67 26 61 47 73 1 91 43 24 52 19 68 33 56 66 12 5 98 32 96 4 16 31 38 37 49 57 13
TEST 59 ARG:54 50 3 91 64 23 43 47 31 76 19 97 17 95 85 72 25 11 29 98 69 79 18 4 56 82 35 99 94 16 13 46 8 84 67 86 0 6 53 58 15 93 39 34 74 70 83 20 40 59 45 44 61 89 32 21 14 81 52 77 7 71 78 62 48 73 33 90 28 80 36 65 42 2 41 57 63 10 22 87 30 55 51 68 66 1 38 26 12 5 75 37 92 96 24 88 49 9 60 27
TEST 61 ARG:49 19 98 6 5 50 46 25 39 35 95 43 83 14 62 11 74 79 40 0 3 63 65 58 16 76 53 38 68 41 64 69 61 2 87 89 82 88 4 44 51 37 70 97 17 42 99 92 73 52 21 9 80 10 57 81 29 12 84 60 23 20 18 90 34 27 32 67 54 75 85 15 13 7 1 77 33 47 86 71 48 93 22 24 56 94 26 59 91 45 30 55 36 66 8 28 72 96 31 78
TEST 62 ARG:11 95 66 45 96 17 84 56 18 32 24 41 13 60 19 31 26 61 59 71 98 52 72 44 39 77 16 49 12 3 69 48 46 90 76 64 20 30 65 29 2 43 89 47 9 1 83 94 35 7 5 88 34 99 93 0 78 97 21 73 62 68 25 14 4 57 42 6 63 27 58 82 38 23 10 80 67 70 53 74 55 33 92 15 22 51 75 79 36 91 37 28 86 81 50 54 40 8 87 85
TEST 63 ARG:43 97 37 66 3 21 86 60 30 91 42 52 29 62 33 56 96 61 41 55 71 11 2 27 79 98 10 12 20 26 32 74 80 83 13 17 40 77 45 93 48 72 50 47 44 9 49 88 64 36 84 70 46 18 4 58 0 5 22 7 15 31 6 14 39 35 19 65 90 59 38 28 85 51 82 1 95 99 53 24 67 92 57 89 81 8 34 54 87 16 73 25 78 94 23 76 63 75 68 69
TEST 64 ARG:54 47 31 21 70 48 53 99 17 89 51 68 28 36 43 88 0 93 71 37 60 13 18 38 56 23 85 25 44 35 55 32 40 12 29 75 26 20 15 10 79 16 78 76 82 61 22 73 14 41 86 57 30 63 24 34 92 64 49 65 11 74 59 3 66 45 83 2 5 39 27 72 81 42 9 96 6 80 19 8 33 52 84 77 67 4 1 97 98 95 87 90 91 58 94 7 50 46 69 62
TEST 66 ARG:80 69 53 40 11 5 34 74 84 46 39 21 62 77 79 49 35 9 31 67 36 99 51 81 10 27 4 48 60 63 0 33 14 92 13 28 32 75 95 12 30 2 93 68 64 86 25 24 42 17 82 72 98 55 78 1 41 50 19 91 71 38 70 94 56 59 6 76 37 90 52 65 16 96 83 97 7 29 73 88 8 15 44 20 89 18 45 54 66 47 26 3 58 57 23 22 85 43 61 87
TEST 67 ARG:66 5 14 42 22 7 3 78 58 77 26 87 31 40 55 48 9 57 37 70 84 32 79 44 76 2 64 89 99 8 80 16 95 23 61 52 47 17 92 46 81 18 50 94 45 93 67 25 10 62 60 6 4 1 15 90 85 75 49 51 69 21 20 41 34 29 38 13 43 74 12 30 91 0 56 59 73 71 98 97 28 35 39 83 72 54 24 63 36 86 19 65 27 96 88 33 53 68 11 82
TEST 68 ARG:10 45 95 91 5 74 7 78 19 30 65 33 39 37 52 71 9 70 0 29 6 88 47 69 23 92 55 57 15 16 86 75 46 94 2 83 66 85 49 28 38 25 51 26 20 40 62 68 41 98 27 67 76 18 90 99 17 42 96 81 32 21 53 22 58 79 8 82 4 59 84 97 43 63 31 34 50 77 11 3 44 24 36 12 56 35 64 13 54 73 1 80 48 87 61 72 14 93 60 89
TEST 71 ARG:46 9 83 76 42 1 79 88 68 41 52 21 61 8 32 87 39 27 45 50 48 3 89 95 55 78 90 18 40 43 96 44 97 82 35 75 58 28 38 10 37 14 51 25 16 65 24 71 54 6 81 70 47 5 11 63 60 67 56 30 22 26 15 84 66 34 12 86 64 29 62 73 31 4 0 23 91 74 98 49 85 20 36 80 7 2 72 13 33 92 93 77 53 17 69 99 59 19 57 94
TEST 72 ARG:67 83 45 82 9 96 87 75 73 81 1 4 17 15 35 42 5 99 56 86 0 32 43 77 95 84 71 16 24 39 70 88 89 78 59 52 51 21 85 41 64 68 58 2 13 60 7 22 29 53 40 28 23 44 36 3 27 55 18 76 80 11 38 48 57 19 10 12 97 34 94 93 37 50 66 31 46 61 6 33 62 72 20 98 91 26 79 92 47 8 54 49 30 69 65 90 74 14 25 63
TEST 73 ARG:22 45 28 74 4 25 89 19 79 92 58 7 9 65 81 35 52 64 50 27 5 94 56 43 30 18 82 17 41 39 60 88 67 57 34 59 63 38 8 3 1 46 62 76 75 49 51 80 96 61 21 73 20 83 54 69 31 32 37 86 98 72 97 10 70 66 0 33 87 48 71 91 40 84 26 53 11 77 29 55 90 13 36 78 24 99 42 2 6 15 16 23 95 93 44 14 12 68 47 85
TEST 74 ARG:16 0 12 62 85 48 40 57 75 46 99 1 96 27 24 13 65 83 34 52 86 10 32 36 23 89 4 55 38 14 15 26 28 22 82 51 70 76 44 66 30 42 9 33 79 92 50 56 63 45 5 61 98 84 59 54 53 60 64 19 94 17 31 72 91 11 90 73 87 88 93 41 39 43 6 2 7 97 67 29 69 18 95 37 21 25 3 47 78 77 35 68 58 74 49 81 71 80 20 8
TEST 75 ARG:28 91 43 16 47 70 76 61 85 82 42 46 31 80 8 89 59 84 5 45 88 9 52 10 65 58 53 32 30 60 17 11 78 12 50 34 93 87 44 98 67 18 7 92 94 97 37 2 39 74 13 36 19 1 26 57 27 75 20 4 48 21 64 6 83 41 24 79 90 38 72 0 63 3 25 73 99 33 66 23 62 96 69 51 81 15 95 22 14 86 29 77 35 56 49 54 68 55 71 40
TEST 77 ARG:75 58 98 22 64 25 57 85 50 40 42 13 26 74 91 21 65 1 15 7 18 44 79 76 69 16 33 38 31 24 84 80 82 61 70 51 29 99 90 59 81 34 53 2 9 97 27 48 39 41 47 54 68 3 89 55 10 62 5 86 73 92 83 63 67 36 6 66 49 35 88 32 96 56 19 30 60 23 78 0 93 20 52 87 8 11 37 17 12 4 95 28 45 94 46 72 71 43 77 14
TEST 78 ARG:36 54 70 18 6 99 52 2 64 3 55 95 24 62 7 5 53 9 78 89 4 1 15 38 80 42 21 60 88 96 11 16 17 14 45 40 51 31 20 32 59 71 56 61 97 58 72 66 19 13 37 41 27 92 74 26 10 85 98 94 50 90 12 44 8 67 93 82 76 68 0 25 87 39 30 69 23 34 63 57 28 35 79 46 49 48 81 84 77 33 47 29 65 43 86 83 73 91 22 75
TEST 80 ARG:86 85 1 19 49 75 14 52 93 31 5 74 4 87 71 29 13 2 35 54 64 66 77 55 3 57 45 37 18 60 70 46 67 76 79 78 24 62 99 82 96 94 33 65 27 81 15 26 68 88 89 28 43 21 10 56 50 17 36 73 23 53 51 34 83 8 47 0 97 48 30 22 80 39 90 92 38 40 44 20 91 63 59 16 84 12 58 41 95 9 7 72 42 32 69 11 25 98 6 61
TEST 81 ARG:36 51 53 67 9 58 4 71 5 79 42 30 11 23 89 54 41 44 90 49 74 20 64 99 34 86 2 95 78 17 80 62 88 1 75 46 25 70 65 94 37 31 39 98 69 8 52 12 87 40 15 35 81 97 60 57 45 33 10 73 91 84 93 77 48 85 18 83 6 55 61 47 28 32 13 0 96 72 22 27 19 29 76 92 66 63 16 3 56 59 21 43 24 82 50 7 68 26 38 14
TEST 82 ARG:69 93 12 22 15 41 98 57 34 65 31 94 59 89 52 83 99 46 79 48 3 26 63 53 61 73 1 68 20 90 84 37 85 24 44 70 23 16 7 72 8 30 87 97 74 9 80 92 33 75 29 40 95 62 55 56 43 50 32 35 78 60 25 42 14 47 91 49 11 58 13 54 66 0 71 45 67 6 19 64 51 76 28 10 39 21 18 5 96 88 2 86 4 82 38 81 17 77 36 27
TEST 85 ARG:9 7 46 13 77 5 45 62 25 53 67 54 42 56 85 68 47 65 26 61 59 90 49 8 50 1 36 37 0 93 94 16 71 58 86 29 30 89 11 69 48 82 6 38 23 96 18 83 10 98 34 32 35 19 15 28 70 80 74 27 72 14 95 84 31 52 73 3 51 12 43 87 88 75 41 57 39 91 92 17 20 55 60 99 64 40 2 4 66 76 81 97 79 33 24 44 63 22 21 78
TEST 87 ARG:90 79 8 70 93 81 69 39 2 86 38 29 4 77 51 91 23 41 56 26 61 72 10 7 59 62 99 66 18 65 67 27 13 58 57 32 28 36 55 84 12 5 34 48 6 85 60 98 3 35 40 30 50 83 14 45 97 37 31 47 96 9 80 64 63 46 95 49 88 24 44 0 11 74 92 19 43 68 94 22 20 17 15 76 33 25 71 87 53 75 73 78 89 16 21 54 1 82 52 42
